1000
1 189076
2 189076
1 193865
2 193865
1 -419921
1 429676
3
2 429676
3
1 21716
1 551843
1 950119
1 63171
3
1 841804
1 170054
1 835419
2 835419
2 950119
3
1 258308
1 -734231
1 569347
1 52941
1 777770
2 -734231
1 355316
3
1 415025
1 754479
2 777770
1 -744898
2 551843
1 509662
3
3
1 765746
3
1 809282
2 -744898
3
1 367727
3
3
2 809282
3
2 52941
3
1 246500
2 63171
2 -419921
1 369292
1 897961
2 21716
2 569347
1 91419
1 175735
1 51897
2 841804
3
3
1 54459
3
2 51897
3
3
1 842004
1 705665
3
1 943329
1 909673
3
3
1 305472
3
1 110230
1 709523
1 449825
1 997699
3
2 509662
2 110230
3
1 341004
1 760694
3